1003.fa.consensus	gi|538542763|ref|NW_005081536.1|	95.714	140	6	0	1	140	31670513	31670374	8.36e-58	226
1006.fa.consensus	gi|538542763|ref|NW_005081536.1|	95.714	140	6	0	1	140	36577322	36577183	8.36e-58	226
1007.fa.consensus	gi|538542763|ref|NW_005081536.1|	97.143	140	4	0	1	140	36688564	36688425	3.86e-61	237
1012.fa.consensus	gi|538542763|ref|NW_005081536.1|	99.286	140	1	0	1	140	5347048	5346909	3.84e-66	254
1027.fa.consensus	gi|538538674|ref|NW_005082695.1|	97.581	124	3	0	4	127	3436	3313	6.51e-54	213
1045.fa.consensus	gi|538540890|ref|NW_005081948.1|	95.000	140	7	0	1	140	49507	49368	2.33e-58	228
1051.fa.consensus	gi|538541361|ref|NW_005081815.1|	98.571	140	2	0	1	140	459746	459607	1.79e-64	248
1060.fa.consensus	gi|538541517|ref|NW_005081786.1|	97.857	140	3	0	1	140	406588	406449	8.31e-63	243
1079.fa.consensus	gi|538541692|ref|NW_005081732.1|	98.571	140	2	0	1	140	1159306	1159167	1.79e-64	248
1087.fa.consensus	gi|538541790|ref|NW_005081713.1|	96.429	140	5	0	1	140	899745	899884	1.80e-59	231
1094.fa.consensus	gi|538541832|ref|NW_005081704.1|	97.826	138	3	0	3	140	5290	5427	1.07e-61	239
10.fa.consensus	gi|538535673|ref|NW_005083783.1|	91.429	140	12	0	1	140	726	587	8.48e-48	193
1106.fa.consensus	gi|538541984|ref|NW_005081672.1|	97.561	123	3	0	1	123	1782932	1782810	2.34e-53	211
1113.fa.consensus	gi|538542007|ref|NW_005081665.1|	96.429	140	5	0	1	140	1638849	1638988	1.80e-59	231
1128.fa.consensus	gi|538542132|ref|NW_005081644.1|	96.269	134	5	0	1	134	2028274	2028407	3.89e-56	220
1129.fa.consensus	gi|538542163|ref|NW_005081638.1|	96.154	130	5	0	1	130	1828917	1828788	6.51e-54	213
112.fa.consensus	gi|538541468|ref|NW_005081796.1|	97.143	140	4	0	1	140	41012	40873	3.86e-61	237
1142.fa.consensus	gi|538542259|ref|NW_005081619.1|	99.286	140	1	0	1	140	249632	249493	3.84e-66	254
1149.fa.consensus	gi|538542266|ref|NW_005081617.1|	92.806	139	10	0	2	140	274970	274832	3.92e-51	204
1174.fa.consensus	gi|538542389|ref|NW_005081600.1|	99.286	140	1	0	1	140	245120	244981	3.84e-66	254
1178.fa.consensus	gi|538542398|ref|NW_005081599.1|	93.571	140	9	0	1	140	1953948	1954087	8.42e-53	209
118.fa.consensus	gi|538541503|ref|NW_005081789.1|	92.647	136	10	0	5	140	387025	387160	6.56e-49	196
1198.fa.consensus	gi|538542482|ref|NW_005081587.1|	97.826	138	3	0	1	138	4226603	4226740	1.07e-61	239
1205.fa.consensus	gi|538542520|ref|NW_005081582.1|	92.806	139	10	0	2	140	3535288	3535426	3.03e-52	207
1207.fa.consensus	gi|538542520|ref|NW_005081582.1|	97.143	140	4	0	1	140	4511360	4511221	3.86e-61	237
1210.fa.consensus	gi|538542529|ref|NW_005081580.1|	96.429	140	5	0	1	140	1915328	1915189	1.80e-59	231
1213.fa.consensus	gi|538542539|ref|NW_005081576.1|	99.286	140	1	0	1	140	1903544	1903683	3.84e-66	254
1215.fa.consensus	gi|538542546|ref|NW_005081574.1|	97.541	122	3	0	1	122	2567063	2567184	8.42e-53	209
121.fa.consensus	gi|538541524|ref|NW_005081784.1|	95.000	140	7	0	1	140	32064	32203	3.89e-56	220
1226.fa.consensus	gi|538542561|ref|NW_005081570.1|	94.574	129	7	0	1	129	49620	49748	5.07e-50	200
1239.fa.consensus	gi|538542572|ref|NW_005081566.1|	99.286	140	1	0	1	140	1521651	1521512	3.84e-66	254
1240.fa.consensus	gi|538542572|ref|NW_005081566.1|	99.200	125	1	0	1	125	216155	216279	8.36e-58	226
1241.fa.consensus	gi|538542572|ref|NW_005081566.1|	97.826	138	3	0	1	138	5354370	5354507	1.07e-61	239
1255.fa.consensus	gi|538542605|ref|NW_005081561.1|	95.000	140	7	0	1	140	6425903	6426042	3.89e-56	220
1267.fa.consensus	gi|538542628|ref|NW_005081555.1|	98.529	136	2	0	5	140	2010059	2010194	2.99e-62	241
127.fa.consensus	gi|538541541|ref|NW_005081777.1|	95.714	140	6	0	1	140	579431	579292	8.36e-58	226
1302.fa.consensus	gi|538542673|ref|NW_005081547.1|	97.857	140	3	0	1	140	7635563	7635424	8.31e-63	243
1308.fa.consensus	gi|538542689|ref|NW_005081546.1|	95.652	138	6	0	2	139	8402499	8402362	1.08e-56	222
1312.fa.consensus	gi|538542704|ref|NW_005081544.1|	100.000	140	0	0	1	140	1722989	1722850	8.25e-68	259
1324.fa.consensus	gi|538542708|ref|NW_005081543.1|	100.000	140	0	0	1	140	2045041	2045180	8.25e-68	259
1332.fa.consensus	gi|538542714|ref|NW_005081542.1|	97.122	139	4	0	1	139	77304	77166	1.39e-60	235
133.fa.consensus	gi|538541625|ref|NW_005081762.1|	97.857	140	3	0	1	140	457850	457711	8.31e-63	243
1343.fa.consensus	gi|538542721|ref|NW_005081541.1|	93.103	116	8	0	4	119	5449216	5449101	3.98e-41	171
1348.fa.consensus	gi|538542730|ref|NW_005081540.1|	94.203	138	8	0	1	138	10401659	10401796	1.81e-54	215
1368.fa.consensus	gi|538542750|ref|NW_005081538.1|	96.429	140	5	0	1	140	2451225	2451086	1.80e-59	231
1379.fa.consensus	gi|538542752|ref|NW_005081537.1|	93.701	127	8	0	11	137	19551252	19551126	3.05e-47	191
139.fa.consensus	gi|538541645|ref|NW_005081755.1|	94.964	139	7	0	2	140	186112	186250	1.40e-55	219
1401.fa.consensus	gi|538542763|ref|NW_005081536.1|	90.580	138	13	0	3	140	32258266	32258403	5.11e-45	183
140.fa.consensus	gi|538541645|ref|NW_005081755.1|	97.857	140	3	0	1	140	214311	214172	8.31e-63	243
1426.fa.consensus	gi|538541029|ref|NW_005081907.1|	97.143	140	4	0	1	140	61663	61802	3.86e-61	237
144.fa.consensus	gi|538541649|ref|NW_005081751.1|	90.714	140	13	0	1	140	464939	465078	1.10e-46	189
1474.fa.consensus	gi|538542103|ref|NW_005081649.1|	94.928	138	7	0	1	138	1280936	1281073	5.03e-55	217
1475.fa.consensus	gi|538542110|ref|NW_005081647.1|	98.551	138	2	0	3	140	1187278	1187141	2.31e-63	244
1476.fa.consensus	gi|538542110|ref|NW_005081647.1|	98.571	140	2	0	1	140	295489	295628	1.79e-64	248
1479.fa.consensus	gi|538542147|ref|NW_005081642.1|	97.521	121	3	0	1	121	1714871	1714751	3.03e-52	207
1484.fa.consensus	gi|538542177|ref|NW_005081633.1|	93.525	139	9	0	1	139	1201495	1201357	3.03e-52	207
14.fa.consensus	gi|538536914|ref|NW_005083312.1|	97.479	119	3	0	1	119	9127	9245	3.92e-51	204
1512.fa.consensus	gi|538542383|ref|NW_005081601.1|	95.683	139	6	0	1	139	1964811	1964673	3.01e-57	224
1545.fa.consensus	gi|538542529|ref|NW_005081580.1|	90.714	140	13	0	1	140	923990	923851	1.10e-46	189
1551.fa.consensus	gi|538542535|ref|NW_005081577.1|	96.377	138	5	0	3	140	3421851	3421988	2.33e-58	228
1559.fa.consensus	gi|538542541|ref|NW_005081575.1|	97.638	127	3	0	1	127	1731705	1731579	1.40e-55	219
155.fa.consensus	gi|538541682|ref|NW_005081735.1|	93.600	125	8	0	1	125	12059	11935	3.95e-46	187
156.fa.consensus	gi|538541684|ref|NW_005081734.1|	97.143	140	4	0	1	140	149211	149350	3.86e-61	237
157.fa.consensus	gi|538541686|ref|NW_005081733.1|	97.857	140	3	0	1	140	243437	243298	8.31e-63	243
1602.fa.consensus	gi|538542645|ref|NW_005081552.1|	93.571	140	9	0	1	140	465655	465516	8.42e-53	209
1619.fa.consensus	gi|538542673|ref|NW_005081547.1|	95.652	115	5	0	1	115	392777	392891	1.42e-45	185
1646.fa.consensus	gi|538542714|ref|NW_005081542.1|	100.000	140	0	0	1	140	5982361	5982222	8.25e-68	259
1648.fa.consensus	gi|538542714|ref|NW_005081542.1|	98.519	135	2	0	3	137	747478	747612	1.07e-61	239
1649.fa.consensus	gi|538542714|ref|NW_005081542.1|	98.571	140	2	0	1	140	8078293	8078432	1.79e-64	248
1650.fa.consensus	gi|538542721|ref|NW_005081541.1|	100.000	140	0	0	1	140	11687991	11688130	8.25e-68	259
1679.fa.consensus	gi|538542763|ref|NW_005081536.1|	95.200	125	6	0	1	125	10786965	10787089	1.82e-49	198
1700.fa.consensus	gi|538541098|ref|NW_005081893.1|	96.403	139	5	0	1	139	160586	160724	6.47e-59	230
171.fa.consensus	gi|538541742|ref|NW_005081720.1|	97.857	140	3	0	1	140	612640	612501	8.31e-63	243
1723.fa.consensus	gi|538542032|ref|NW_005081660.1|	97.857	140	3	0	1	140	503981	504120	8.31e-63	243
172.fa.consensus	gi|538541756|ref|NW_005081719.1|	100.000	140	0	0	1	140	1545144	1545283	8.25e-68	259
1738.fa.consensus	gi|538542261|ref|NW_005081618.1|	98.450	129	2	0	1	129	3391901	3391773	2.33e-58	228
178.fa.consensus	gi|538541778|ref|NW_005081715.1|	93.571	140	9	0	1	140	5954	6093	8.42e-53	209
182.fa.consensus	gi|538541790|ref|NW_005081713.1|	97.143	140	4	0	1	140	250240	250379	3.86e-61	237
1837.fa.consensus	gi|538542486|ref|NW_005081586.1|	95.683	139	6	0	1	139	1118391	1118529	3.01e-57	224
183.fa.consensus	gi|538541790|ref|NW_005081713.1|	97.143	140	4	0	1	140	904059	903920	3.86e-61	237
1842.fa.consensus	gi|538542488|ref|NW_005081585.1|	97.143	140	4	0	1	140	967770	967909	3.86e-61	237
1856.fa.consensus	gi|538542559|ref|NW_005081571.1|	95.000	140	7	0	1	140	6013338	6013477	3.89e-56	220
190.fa.consensus	gi|538541824|ref|NW_005081707.1|	93.478	138	9	0	2	139	33897	34034	1.09e-51	206
193.fa.consensus	gi|538541844|ref|NW_005081702.1|	92.199	141	9	2	1	140	263784	263923	1.82e-49	198
194.fa.consensus	gi|538541848|ref|NW_005081701.1|	98.571	140	2	0	1	140	704564	704703	1.79e-64	248
197.fa.consensus	gi|538541873|ref|NW_005081697.1|	98.571	140	2	0	1	140	414836	414697	1.79e-64	248
198.fa.consensus	gi|538541873|ref|NW_005081697.1|	97.656	128	3	0	1	128	515373	515246	3.89e-56	220
2002.fa.consensus	gi|538542750|ref|NW_005081538.1|	97.143	140	4	0	1	140	3809373	3809512	3.86e-61	237
2070.fa.consensus	gi|538542389|ref|NW_005081600.1|	100.000	140	0	0	1	140	2265341	2265202	8.25e-68	259
2075.fa.consensus	gi|538542439|ref|NW_005081591.1|	95.000	140	7	0	1	140	3920544	3920405	3.89e-56	220
2104.fa.consensus	gi|538542612|ref|NW_005081558.1|	94.615	130	7	0	3	132	4974446	4974317	1.41e-50	202
213.fa.consensus	gi|538541907|ref|NW_005081687.1|	97.857	140	3	0	1	140	1118973	1119112	8.31e-63	243
216.fa.consensus	gi|538541913|ref|NW_005081685.1|	94.615	130	7	0	1	130	1620435	1620564	1.41e-50	202
2190.fa.consensus	gi|538542173|ref|NW_005081634.1|	98.507	134	2	0	1	134	1612501	1612634	3.86e-61	237
219.fa.consensus	gi|538541952|ref|NW_005081680.1|	95.714	140	6	0	1	140	1465051	1464912	8.36e-58	226
2211.fa.consensus	gi|538542559|ref|NW_005081571.1|	97.143	140	4	0	1	140	2403204	2403343	3.86e-61	237
222.fa.consensus	gi|538541954|ref|NW_005081679.1|	94.737	133	7	0	1	133	688643	688775	6.51e-54	213
223.fa.consensus	gi|538541959|ref|NW_005081678.1|	96.350	137	5	0	4	140	1081024	1080888	8.36e-58	226
2246.fa.consensus	gi|538542730|ref|NW_005081540.1|	94.958	119	6	0	1	119	17320293	17320411	3.95e-46	187
225.fa.consensus	gi|538541959|ref|NW_005081678.1|	96.429	140	5	0	1	140	893328	893467	1.80e-59	231
226.fa.consensus	gi|538541961|ref|NW_005081677.1|	96.429	140	5	0	1	140	367437	367576	1.80e-59	231
2296.fa.consensus	gi|538542289|ref|NW_005081613.1|	93.798	129	8	0	1	129	1422592	1422464	2.36e-48	195
230.fa.consensus	gi|538541971|ref|NW_005081675.1|	99.174	121	1	0	1	121	1111109	1110989	1.40e-55	219
231.fa.consensus	gi|538541971|ref|NW_005081675.1|	99.286	140	1	0	1	140	1992461	1992600	3.84e-66	254
234.fa.consensus	gi|538541977|ref|NW_005081674.1|	95.714	140	6	0	1	140	81925	82064	8.36e-58	226
237.fa.consensus	gi|538541990|ref|NW_005081670.1|	93.571	140	9	0	1	140	273829	273690	8.42e-53	209
240.fa.consensus	gi|538542000|ref|NW_005081667.1|	100.000	140	0	0	1	140	1485062	1485201	8.25e-68	259
2639.fa.consensus	gi|538542750|ref|NW_005081538.1|	95.000	140	7	0	1	140	10457513	10457652	3.89e-56	220
263.fa.consensus	gi|538542090|ref|NW_005081652.1|	97.143	140	4	0	1	140	1067679	1067818	3.86e-61	237
277.fa.consensus	gi|538542127|ref|NW_005081645.1|	97.826	138	3	0	1	138	276294	276157	1.07e-61	239
278.fa.consensus	gi|538542127|ref|NW_005081645.1|	97.857	140	3	0	1	140	400318	400179	8.31e-63	243
283.fa.consensus	gi|538542147|ref|NW_005081642.1|	95.312	128	6	0	4	131	1943307	1943180	3.92e-51	204
285.fa.consensus	gi|538542157|ref|NW_005081640.1|	95.714	140	6	0	1	140	2399675	2399536	2.33e-58	228
28.fa.consensus	gi|538538674|ref|NW_005082695.1|	97.561	123	3	0	5	127	3436	3314	2.34e-53	211
290.fa.consensus	gi|538542163|ref|NW_005081638.1|	93.478	138	9	0	3	140	318395	318532	1.09e-51	206
296.fa.consensus	gi|538542167|ref|NW_005081637.1|	98.561	139	2	0	1	139	356212	356074	6.42e-64	246
298.fa.consensus	gi|538542168|ref|NW_005081636.1|	95.238	126	6	0	1	126	1343347	1343472	5.07e-50	200
300.fa.consensus	gi|538542170|ref|NW_005081635.1|	97.857	140	3	0	1	140	1741848	1741709	8.31e-63	243
302.fa.consensus	gi|538542173|ref|NW_005081634.1|	97.143	140	4	0	1	140	1471582	1471443	3.86e-61	237
303.fa.consensus	gi|538542177|ref|NW_005081633.1|	94.286	140	8	0	1	140	1518369	1518508	1.81e-54	215
307.fa.consensus	gi|538542179|ref|NW_005081632.1|	99.286	140	1	0	1	140	1507834	1507973	3.84e-66	254
314.fa.consensus	gi|538542183|ref|NW_005081631.1|	96.429	140	5	0	1	140	2527453	2527314	1.80e-59	231
318.fa.consensus	gi|538542208|ref|NW_005081629.1|	95.714	140	6	0	1	140	2469145	2469006	8.36e-58	226
330.fa.consensus	gi|538542223|ref|NW_005081624.1|	93.571	140	9	0	1	140	1113880	1113741	6.51e-54	213
331.fa.consensus	gi|538542223|ref|NW_005081624.1|	91.367	139	12	0	1	139	2585655	2585793	6.56e-49	196
334.fa.consensus	gi|538542227|ref|NW_005081623.1|	99.286	140	1	0	1	140	1606814	1606675	3.84e-66	254
350.fa.consensus	gi|538542266|ref|NW_005081617.1|	97.143	140	4	0	1	140	463400	463261	3.86e-61	237
361.fa.consensus	gi|538542289|ref|NW_005081613.1|	94.286	140	8	0	1	140	1870625	1870486	1.81e-54	215
363.fa.consensus	gi|538542295|ref|NW_005081612.1|	100.000	140	0	0	1	140	1812307	1812168	8.25e-68	259
364.fa.consensus	gi|538542295|ref|NW_005081612.1|	89.855	138	14	0	3	140	3373623	3373760	2.38e-43	178
365.fa.consensus	gi|538542295|ref|NW_005081612.1|	97.761	134	3	0	1	134	505880	505747	1.80e-59	231
372.fa.consensus	gi|538542311|ref|NW_005081610.1|	100.000	140	0	0	1	140	1783074	1782935	8.25e-68	259
376.fa.consensus	gi|538542315|ref|NW_005081609.1|	97.143	140	4	0	1	140	327029	327168	3.86e-61	237
377.fa.consensus	gi|538542324|ref|NW_005081607.1|	98.462	130	2	0	1	130	3570450	3570579	6.47e-59	230
380.fa.consensus	gi|538542324|ref|NW_005081607.1|	96.850	127	4	0	1	127	795574	795448	6.51e-54	213
386.fa.consensus	gi|538542333|ref|NW_005081605.1|	96.124	129	5	0	4	132	3797683	3797811	2.34e-53	211
388.fa.consensus	gi|538542338|ref|NW_005081604.1|	93.571	140	9	0	1	140	3253539	3253678	8.42e-53	209
390.fa.consensus	gi|538542338|ref|NW_005081604.1|	95.000	140	7	0	1	140	3404820	3404959	8.36e-58	226
393.fa.consensus	gi|538542344|ref|NW_005081603.1|	97.761	134	3	0	1	134	2788729	2788596	1.80e-59	231
395.fa.consensus	gi|538542344|ref|NW_005081603.1|	97.857	140	3	0	1	140	3628459	3628598	8.31e-63	243
39.fa.consensus	gi|538539464|ref|NW_005082418.1|	94.615	130	7	0	10	139	36166	36037	1.41e-50	202
400.fa.consensus	gi|538542383|ref|NW_005081601.1|	96.899	129	4	0	1	129	1127079	1126951	5.03e-55	217
405.fa.consensus	gi|538542383|ref|NW_005081601.1|	96.429	140	5	0	1	140	358532	358393	1.80e-59	231
410.fa.consensus	gi|538542389|ref|NW_005081600.1|	98.571	140	2	0	1	140	3633862	3633723	1.79e-64	248
415.fa.consensus	gi|538542398|ref|NW_005081599.1|	100.000	140	0	0	1	140	3669040	3669179	8.25e-68	259
420.fa.consensus	gi|538542409|ref|NW_005081597.1|	95.000	140	7	0	1	140	1680701	1680840	3.89e-56	220
424.fa.consensus	gi|538542415|ref|NW_005081596.1|	97.857	140	3	0	1	140	16933	16794	8.31e-63	243
433.fa.consensus	gi|538542422|ref|NW_005081595.1|	98.571	140	2	0	1	140	305028	304889	4.96e-65	250
438.fa.consensus	gi|538542424|ref|NW_005081594.1|	96.403	139	5	0	1	139	3871440	3871578	6.47e-59	230
439.fa.consensus	gi|538542424|ref|NW_005081594.1|	92.143	140	11	0	1	140	4358378	4358517	1.82e-49	198
448.fa.consensus	gi|538542439|ref|NW_005081591.1|	98.571	140	2	0	1	140	1596921	1597060	1.79e-64	248
499.fa.consensus	gi|538542529|ref|NW_005081580.1|	100.000	140	0	0	1	140	3801455	3801594	8.25e-68	259
4.fa.consensus	gi|538533357|ref|NW_005084577.1|	95.714	140	6	0	1	140	5317	5456	8.36e-58	226
500.fa.consensus	gi|538542529|ref|NW_005081580.1|	96.429	140	5	0	1	140	4241048	4240909	1.80e-59	231
504.fa.consensus	gi|538542531|ref|NW_005081579.1|	93.571	140	9	0	1	140	1446472	1446333	8.42e-53	209
513.fa.consensus	gi|538542533|ref|NW_005081578.1|	96.429	140	5	0	1	140	4244259	4244398	1.80e-59	231
516.fa.consensus	gi|538542533|ref|NW_005081578.1|	97.143	140	4	0	1	140	549267	549128	3.86e-61	237
521.fa.consensus	gi|538542535|ref|NW_005081577.1|	99.286	140	1	0	1	140	4470381	4470520	3.84e-66	254
524.fa.consensus	gi|538542539|ref|NW_005081576.1|	90.000	140	14	0	1	140	2471087	2470948	1.84e-44	182
525.fa.consensus	gi|538542539|ref|NW_005081576.1|	97.521	121	3	0	1	121	4677637	4677757	3.03e-52	207
530.fa.consensus	gi|538542541|ref|NW_005081575.1|	94.203	138	8	0	1	138	307091	306954	2.34e-53	211
539.fa.consensus	gi|538542546|ref|NW_005081574.1|	95.714	140	6	0	1	140	2933008	2933147	2.33e-58	228
53.fa.consensus	gi|538540061|ref|NW_005082224.1|	94.286	140	8	0	1	140	32539	32678	1.40e-55	219
541.fa.consensus	gi|538542546|ref|NW_005081574.1|	96.992	133	4	0	1	133	4070881	4070749	3.01e-57	224
542.fa.consensus	gi|538542546|ref|NW_005081574.1|	99.286	140	1	0	1	140	4464361	4464222	3.84e-66	254
551.fa.consensus	gi|538542550|ref|NW_005081573.1|	98.571	140	2	0	1	140	5140439	5140578	1.79e-64	248
552.fa.consensus	gi|538542550|ref|NW_005081573.1|	99.286	140	1	0	1	140	5524559	5524698	3.84e-66	254
553.fa.consensus	gi|538542550|ref|NW_005081573.1|	95.714	140	6	0	1	140	792092	792231	8.36e-58	226
559.fa.consensus	gi|538542554|ref|NW_005081572.1|	99.286	140	1	0	1	140	4706148	4706009	3.84e-66	254
560.fa.consensus	gi|538542554|ref|NW_005081572.1|	98.571	140	2	0	1	140	5010373	5010234	1.79e-64	248
565.fa.consensus	gi|538542561|ref|NW_005081570.1|	97.143	140	4	0	1	140	1243304	1243165	3.86e-61	237
568.fa.consensus	gi|538542561|ref|NW_005081570.1|	97.857	140	3	0	1	140	5699106	5699245	8.31e-63	243
572.fa.consensus	gi|538542561|ref|NW_005081570.1|	97.122	139	4	0	1	139	864415	864553	1.39e-60	235
573.fa.consensus	gi|538542561|ref|NW_005081570.1|	97.778	135	3	0	1	135	87795	87929	5.00e-60	233
576.fa.consensus	gi|538542563|ref|NW_005081569.1|	96.429	140	5	0	1	140	4418506	4418367	1.80e-59	231
581.fa.consensus	gi|538542567|ref|NW_005081568.1|	93.478	138	8	1	3	139	3422289	3422426	3.92e-51	204
582.fa.consensus	gi|538542567|ref|NW_005081568.1|	96.429	140	5	0	1	140	3638758	3638897	1.39e-60	235
590.fa.consensus	gi|538542570|ref|NW_005081567.1|	94.531	128	7	0	1	128	3752415	3752542	1.82e-49	198
591.fa.consensus	gi|538542570|ref|NW_005081567.1|	95.968	124	5	0	2	125	4070221	4070344	1.41e-50	202
598.fa.consensus	gi|538542572|ref|NW_005081566.1|	94.286	140	8	0	1	140	1804932	1804793	1.81e-54	215
59.fa.consensus	gi|538540281|ref|NW_005082150.1|	92.913	127	9	0	11	137	3656	3782	1.42e-45	185
604.fa.consensus	gi|538542572|ref|NW_005081566.1|	97.143	140	4	0	1	140	6136354	6136493	3.86e-61	237
613.fa.consensus	gi|538542593|ref|NW_005081563.1|	96.947	131	4	0	1	131	1952921	1952791	3.89e-56	220
614.fa.consensus	gi|538542593|ref|NW_005081563.1|	95.968	124	5	0	1	124	1963340	1963217	1.41e-50	202
617.fa.consensus	gi|538542593|ref|NW_005081563.1|	98.571	140	2	0	1	140	5320089	5319950	1.79e-64	248
618.fa.consensus	gi|538542593|ref|NW_005081563.1|	96.429	140	5	0	1	140	6216279	6216418	1.80e-59	231
619.fa.consensus	gi|538542593|ref|NW_005081563.1|	94.286	140	8	0	1	140	6419795	6419656	1.81e-54	215
621.fa.consensus	gi|538542593|ref|NW_005081563.1|	95.798	119	5	0	22	140	6496848	6496730	8.48e-48	193
624.fa.consensus	gi|538542602|ref|NW_005081562.1|	98.571	140	2	0	1	140	3340132	3339993	1.79e-64	248
625.fa.consensus	gi|538542602|ref|NW_005081562.1|	100.000	140	0	0	1	140	3698157	3698296	8.25e-68	259
628.fa.consensus	gi|538542605|ref|NW_005081561.1|	99.286	140	1	0	1	140	1867133	1866994	3.84e-66	254
629.fa.consensus	gi|538542605|ref|NW_005081561.1|	100.000	140	0	0	1	140	2550933	2551072	8.25e-68	259
62.fa.consensus	gi|538540392|ref|NW_005082108.1|	96.429	140	5	0	1	140	10829	10690	1.80e-59	231
637.fa.consensus	gi|538542605|ref|NW_005081561.1|	99.270	137	1	0	1	137	6139561	6139697	1.79e-64	248
63.fa.consensus	gi|538540519|ref|NW_005082066.1|	95.714	140	6	0	1	140	37478	37617	8.36e-58	226
642.fa.consensus	gi|538542607|ref|NW_005081560.1|	95.714	140	6	0	1	140	2277529	2277668	8.36e-58	226
648.fa.consensus	gi|538542607|ref|NW_005081560.1|	96.429	140	5	0	1	140	6065399	6065538	1.80e-59	231
654.fa.consensus	gi|538542610|ref|NW_005081559.1|	92.143	140	11	0	1	140	2242388	2242249	1.82e-49	198
655.fa.consensus	gi|538542610|ref|NW_005081559.1|	99.180	122	1	0	1	122	4609992	4609871	3.89e-56	220
659.fa.consensus	gi|538542610|ref|NW_005081559.1|	95.763	118	5	0	13	130	7236305	7236188	3.05e-47	191
65.fa.consensus	gi|538540550|ref|NW_005082054.1|	93.571	140	9	0	1	140	54136	54275	8.42e-53	209
662.fa.consensus	gi|538542612|ref|NW_005081558.1|	92.143	140	11	0	1	140	2879073	2878934	1.09e-51	206
665.fa.consensus	gi|538542612|ref|NW_005081558.1|	97.857	140	3	0	1	140	3277323	3277462	8.31e-63	243
676.fa.consensus	gi|538542621|ref|NW_005081557.1|	95.763	118	5	0	1	118	698012	697895	3.05e-47	191
681.fa.consensus	gi|538542624|ref|NW_005081556.1|	95.714	140	6	0	1	140	683745	683606	6.47e-59	230
688.fa.consensus	gi|538542628|ref|NW_005081555.1|	91.270	126	11	0	1	126	6038282	6038407	1.11e-41	172
689.fa.consensus	gi|538542628|ref|NW_005081555.1|	98.571	140	2	0	1	140	6368287	6368148	1.79e-64	248
693.fa.consensus	gi|538542635|ref|NW_005081554.1|	97.143	140	4	0	1	140	1170293	1170154	3.86e-61	237
698.fa.consensus	gi|538542635|ref|NW_005081554.1|	99.286	140	1	0	1	140	2676742	2676881	3.84e-66	254
704.fa.consensus	gi|538542635|ref|NW_005081554.1|	99.286	140	1	0	1	140	564645	564784	3.84e-66	254
712.fa.consensus	gi|538542643|ref|NW_005081553.1|	96.429	140	5	0	1	140	5468381	5468520	1.80e-59	231
714.fa.consensus	gi|538542643|ref|NW_005081553.1|	93.333	135	9	0	1	135	7843316	7843450	1.41e-50	202
715.fa.consensus	gi|538542643|ref|NW_005081553.1|	98.571	140	2	0	1	140	9432615	9432476	1.79e-64	248
718.fa.consensus	gi|538542645|ref|NW_005081552.1|	94.286	140	8	0	1	140	1246254	1246393	1.81e-54	215
721.fa.consensus	gi|538542645|ref|NW_005081552.1|	96.429	140	5	0	1	140	4094837	4094976	1.80e-59	231
736.fa.consensus	gi|538542651|ref|NW_005081551.1|	99.200	125	1	0	1	125	9742771	9742895	8.36e-58	226
73.fa.consensus	gi|538540804|ref|NW_005081974.1|	92.063	126	10	0	15	140	45535	45660	2.38e-43	178
741.fa.consensus	gi|538542657|ref|NW_005081550.1|	99.286	140	1	0	1	140	58305	58444	3.84e-66	254
747.fa.consensus	gi|538542665|ref|NW_005081549.1|	97.857	140	3	0	1	140	3251214	3251075	8.31e-63	243
74.fa.consensus	gi|538540847|ref|NW_005081962.1|	93.571	140	9	0	1	140	37690	37829	8.42e-53	209
755.fa.consensus	gi|538542665|ref|NW_005081549.1|	95.556	135	6	0	1	135	9167246	9167380	5.03e-55	217
759.fa.consensus	gi|538542671|ref|NW_005081548.1|	100.000	137	0	0	1	137	10991243	10991379	3.84e-66	254
762.fa.consensus	gi|538542671|ref|NW_005081548.1|	98.571	140	2	0	1	140	2205581	2205720	1.79e-64	248
76.fa.consensus	gi|538540864|ref|NW_005081956.1|	94.286	140	8	0	1	140	58042	57903	1.81e-54	215
77.fa.consensus	gi|538540866|ref|NW_005081955.1|	98.519	135	2	0	1	135	45980	46114	1.07e-61	239
791.fa.consensus	gi|538542673|ref|NW_005081547.1|	93.617	141	7	2	1	140	9982835	9982974	8.42e-53	209
798.fa.consensus	gi|538542689|ref|NW_005081546.1|	97.857	140	3	0	1	140	1934544	1934683	8.31e-63	243
7.fa.consensus	gi|538534396|ref|NW_005084207.1|	97.857	140	3	0	1	140	4395	4256	8.31e-63	243
803.fa.consensus	gi|538542689|ref|NW_005081546.1|	95.902	122	5	0	19	140	443636	443515	1.82e-49	198
806.fa.consensus	gi|538542698|ref|NW_005081545.1|	98.571	140	2	0	1	140	10892172	10892311	1.79e-64	248
817.fa.consensus	gi|538542698|ref|NW_005081545.1|	94.815	135	7	0	1	135	6496998	6496864	2.34e-53	211
820.fa.consensus	gi|538542698|ref|NW_005081545.1|	97.143	140	4	0	1	140	8572825	8572686	3.86e-61	237
821.fa.consensus	gi|538542698|ref|NW_005081545.1|	96.850	127	4	0	1	127	8761074	8760948	6.51e-54	213
822.fa.consensus	gi|538542698|ref|NW_005081545.1|	97.080	137	4	0	1	137	8962264	8962400	1.80e-59	231
827.fa.consensus	gi|538542704|ref|NW_005081544.1|	97.857	140	3	0	1	140	13992807	13992946	8.31e-63	243
828.fa.consensus	gi|538542704|ref|NW_005081544.1|	100.000	140	0	0	1	140	14039171	14039032	8.25e-68	259
830.fa.consensus	gi|538542704|ref|NW_005081544.1|	100.000	140	0	0	1	140	15484923	15484784	8.25e-68	259
841.fa.consensus	gi|538542708|ref|NW_005081543.1|	94.286	140	8	0	1	140	10139277	10139138	1.81e-54	215
842.fa.consensus	gi|538542708|ref|NW_005081543.1|	97.638	127	3	0	1	127	10954093	10953967	1.40e-55	219
844.fa.consensus	gi|538542708|ref|NW_005081543.1|	95.714	140	6	0	1	140	13653948	13653809	8.36e-58	226
845.fa.consensus	gi|538542708|ref|NW_005081543.1|	95.714	140	6	0	1	140	1382902	1383041	8.36e-58	226
853.fa.consensus	gi|538542708|ref|NW_005081543.1|	95.000	140	7	0	1	140	2538107	2537968	3.89e-56	220
854.fa.consensus	gi|538542708|ref|NW_005081543.1|	97.857	140	3	0	1	140	3042226	3042087	8.31e-63	243
855.fa.consensus	gi|538542708|ref|NW_005081543.1|	98.551	138	2	0	1	138	3171357	3171494	2.31e-63	244
857.fa.consensus	gi|538542708|ref|NW_005081543.1|	96.403	139	5	0	1	139	4584831	4584969	1.39e-60	235
858.fa.consensus	gi|538542708|ref|NW_005081543.1|	96.429	140	5	0	1	140	5238413	5238274	1.80e-59	231
864.fa.consensus	gi|538542714|ref|NW_005081542.1|	97.101	138	4	0	1	138	1157259	1157396	5.00e-60	233
865.fa.consensus	gi|538542714|ref|NW_005081542.1|	95.000	140	7	0	1	140	11856947	11856808	3.89e-56	220
870.fa.consensus	gi|538542714|ref|NW_005081542.1|	97.857	140	3	0	1	140	15583583	15583444	8.31e-63	243
876.fa.consensus	gi|538542714|ref|NW_005081542.1|	97.015	134	4	0	1	134	6187165	6187298	8.36e-58	226
877.fa.consensus	gi|538542714|ref|NW_005081542.1|	97.101	138	4	0	3	140	8288246	8288383	3.86e-61	237
88.fa.consensus	gi|538541023|ref|NW_005081910.1|	99.265	136	1	0	5	140	51977	52112	6.42e-64	246
899.fa.consensus	gi|538542730|ref|NW_005081540.1|	94.928	138	7	0	1	138	13920790	13920927	5.03e-55	217
903.fa.consensus	gi|538542730|ref|NW_005081540.1|	94.286	140	8	0	1	140	18510773	18510634	1.81e-54	215
905.fa.consensus	gi|538542730|ref|NW_005081540.1|	89.286	140	15	0	1	140	1982319	1982458	1.82e-49	198
909.fa.consensus	gi|538542730|ref|NW_005081540.1|	97.857	140	3	0	1	140	5543339	5543478	8.31e-63	243
920.fa.consensus	gi|538542744|ref|NW_005081539.1|	97.143	140	4	0	1	140	18640655	18640516	3.86e-61	237
921.fa.consensus	gi|538542744|ref|NW_005081539.1|	95.000	140	7	0	1	140	19116091	19116230	3.89e-56	220
928.fa.consensus	gi|538542744|ref|NW_005081539.1|	97.059	136	4	0	1	136	8219251	8219386	6.47e-59	230
929.fa.consensus	gi|538542750|ref|NW_005081538.1|	97.479	119	3	0	1	119	10459683	10459801	3.92e-51	204
92.fa.consensus	gi|538541074|ref|NW_005081898.1|	97.857	140	3	0	1	140	30516	30377	8.31e-63	243
930.fa.consensus	gi|538542750|ref|NW_005081538.1|	98.571	140	2	0	1	140	10840098	10840237	1.79e-64	248
935.fa.consensus	gi|538542750|ref|NW_005081538.1|	95.588	136	6	0	4	139	13316606	13316471	1.40e-55	219
944.fa.consensus	gi|538542750|ref|NW_005081538.1|	97.015	134	4	0	1	134	3567260	3567127	8.36e-58	226
947.fa.consensus	gi|538542750|ref|NW_005081538.1|	99.286	140	1	0	1	140	5792031	5792170	3.84e-66	254
951.fa.consensus	gi|538542750|ref|NW_005081538.1|	99.174	121	1	0	1	121	7908981	7909101	1.40e-55	219
952.fa.consensus	gi|538542750|ref|NW_005081538.1|	96.183	131	5	0	1	131	7965655	7965525	1.81e-54	215
959.fa.consensus	gi|538542752|ref|NW_005081537.1|	98.571	140	2	0	1	140	13570556	13570417	1.79e-64	248
960.fa.consensus	gi|538542752|ref|NW_005081537.1|	100.000	140	0	0	1	140	14465878	14466017	8.25e-68	259
968.fa.consensus	gi|538542752|ref|NW_005081537.1|	98.571	140	2	0	1	140	23004816	23004955	1.79e-64	248
972.fa.consensus	gi|538542752|ref|NW_005081537.1|	97.656	128	3	0	1	128	2461393	2461266	3.89e-56	220
973.fa.consensus	gi|538542752|ref|NW_005081537.1|	99.213	127	1	0	1	127	5021116	5020990	6.47e-59	230
974.fa.consensus	gi|538542752|ref|NW_005081537.1|	97.857	140	3	0	1	140	5475448	5475587	8.31e-63	243
976.fa.consensus	gi|538542752|ref|NW_005081537.1|	97.143	140	4	0	1	140	6967930	6967791	3.86e-61	237
978.fa.consensus	gi|538542752|ref|NW_005081537.1|	97.857	140	3	0	1	140	7761101	7761240	8.31e-63	243
981.fa.consensus	gi|538542763|ref|NW_005081536.1|	95.714	140	6	0	1	140	14181483	14181622	8.36e-58	226
983.fa.consensus	gi|538542763|ref|NW_005081536.1|	97.143	140	4	0	1	140	15694432	15694571	3.86e-61	237
999.fa.consensus	gi|538542763|ref|NW_005081536.1|	93.571	140	9	0	1	140	27376192	27376331	8.42e-53	209
9.fa.consensus	gi|538535419|ref|NW_005083867.1|	95.620	137	6	0	4	140	4506	4370	3.89e-56	220
